Speed value for each object in each iterration
 | OBJECT 1 | | OBJECT 2 | | OBJECT 3 |
[0.8131139  0.58210461]     [-0.71477874 -0.69935067]     [-0.70710678  0.70710678]     
[0.81363681 0.58137349]     [-0.71501727 -0.69910679]     [-0.70710678  0.70710678]     
[0.81447882 0.58019329]     [-0.71533339 -0.69878333]     [-0.70710678  0.70710678]     
[0.81587586 0.5782271 ]     [-0.71573461 -0.69837237]     [-0.70710678  0.70710678]     
[0.81797573 0.57525272]     [-0.71615087 -0.6979455 ]     [-0.70710678  0.70710678]     
[0.81804353 0.57515631]     [-0.7161288  -0.69796815]     [-0.70710678  0.70710678]     
[0.84229409 0.53901824]     [-0.7131466  -0.70101492]     [-0.70710678  0.70710678]     
[0.97711775 0.21269911]     [-0.64575314 -0.76354625]     [-0.70710678  0.70710678]     
[0.58065744 0.81414798]     [0.66441603 0.74736292]     [-0.70710678  0.70710678]     
[-0.81889947 -0.57393698]     [-0.66513107 -0.74672663]     [-0.70710678  0.70710678]     
[0.8222862  0.56907417]     [0.69428777 0.7196975 ]     [-0.70710678  0.70710678]     
[-0.85635878 -0.5163813 ]     [-0.59352181 -0.80481791]     [-0.70710678  0.70710678]     
[0.857569   0.51436894]     [0.61447363 0.78893736]     [-0.70710678  0.70710678]     
[-0.8652325  -0.50137084]     [-0.47714284 -0.87882576]     [-0.70710678  0.70710678]     
