State history for each object in each iterration
 | OBJECT 1 | | OBJECT 2 | | OBJECT 3 |
[5.8131139  0.58210461]     [9.28522126 9.30064933]     [14.29289322  0.70710678]     
[6.62675071 1.16347811]     [8.57020399 8.60154254]     [13.58578644  1.41421356]     
[7.44122953 1.7436714 ]     [7.8548706  7.90275921]     [12.87867966  2.12132034]     
[8.25710539 2.32189851]     [7.13913599 7.20438685]     [12.17157288  2.82842712]     
[9.07508112 2.89715123]     [6.42298512 6.50644134]     [11.46446609  3.53553391]     
[9.89312466 3.47230754]     [5.70685631 5.80847319]     [10.75735931  4.24264069]     
[10.73541875  4.01132578]     [4.99370971 5.10745827]     [10.05025253  4.94974747]     
[11.71253649  4.22402489]     [4.34795657 4.34391202]     [9.34314575 5.65685425]     
[12.29319394  5.03817287]     [5.01237259 5.09127494]     [8.63603897 6.36396103]     
[11.47429447  4.46423589]     [4.34724152 4.34454832]     [7.92893219 7.07106781]     
[12.29658067  5.03331005]     [5.04152929 5.06424582]     [7.22182541 7.77817459]     
[11.44022189  4.51692875]     [4.44800748 4.25942791]     [6.51471863 8.48528137]     
[12.29779089  5.03129769]     [5.06248111 5.04836527]     [5.80761184 9.19238816]     
[11.43255839  4.52992685]     [4.58533827 4.16953951]     [5.10050506 9.89949494]     
