V derative values for each object in each iterration
 | OBJECT 1 | | OBJECT 2 | | OBJECT 3 |
[  8.60232527 139.52049879 124.96596163]     [137.98924133   7.07106781 137.98924133]     [130.50577199 145.06030915  14.14213562]     
[  7.60232591 116.33596369 105.06594759]     [114.80477491   6.07113712 121.7683927 ]     [110.60575731 128.83939121  13.14213562]     
[ 6.60232596 94.09221242 84.8863075 ]     [ 92.56112548   5.07123902 106.08166344]     [ 90.42611716 113.15256004  12.14213562]     
[ 5.60232667 73.68881771 64.17400746]     [72.15789094  4.07139991 91.20034596]     [69.71381642 98.27108167 11.14213562]     
[ 4.60233503 57.2228465  42.22139419]     [55.69219247  3.071681   77.57632905]     [47.76119479 84.64678368 10.14213562]     
[ 3.60237746 48.88986502 15.87982532]     [47.3597453   2.07225774 65.95601418]     [21.41958348 73.02589206  9.14213562]     
[ 2.60245422 52.27956913  2.60245422]     [50.75102122  1.0739063  57.46506295]     [ 8.14213562 64.53329227  8.14213562]     
[ 1.60519234 65.40565717  1.60519234]     [63.90810705  0.10764222 53.41028799]     [ 7.14213562 60.44478139  7.14213562]     
[ 0.8275099  84.23477931 19.10327003]     [84.33226243  0.92499302 55.66160387]     [24.41789575 60.87874648  6.14213562]     
[ 0.29566848 82.62842287 37.06707332]     [82.42486408  0.0921097  36.1250093 ]     [41.91354046 41.17503523  5.14213562]     
[ 0.75060608 81.13544013 44.93147597]     [81.30988028  0.92504624 46.52886143]     [48.32300551 49.74595082  4.14213562]     
[ 0.29844539 82.30174382 63.0998134 ]     [8.20797981e+01 7.64997190e-02 3.05803530e+01]     [65.94350364 33.64598887  3.14213562]     
[ 0.73939797 79.45046857 70.80462865]     [79.63472787  0.92365727 49.35860067]     [72.2073663  50.57707902  2.14213562]     
[ 0.29943106 82.05090936 88.06453904]     [8.18304915e+01 7.90132186e-02 4.15435650e+01]     [88.9072436  42.60668743  1.14213562]     
