V values for each object in each iterration
 | OBJECT 1 | | OBJECT 2 | | OBJECT 3 |
[37. 37. 37.]     [25. 25. 25.]     [100. 100. 100.]     
[28.89767961 28.89767961 28.89767961]     [18.42935297 18.42935297 18.42935297]     [86.35786438 86.35786438 86.35786438]     
[21.79535406 21.79535406 21.79535406]     [12.85873262 12.85873262 12.85873262]     [73.71572875 73.71572875 73.71572875]     
[15.69303207 15.69303207 15.69303207]     [8.2881486 8.2881486 8.2881486]     [62.07359313 62.07359313 62.07359313]     
[10.59074384 10.59074384 10.59074384]     [4.71761207 4.71761207 4.71761207]     [51.43145751 51.43145751 51.43145751]     
[6.48856169 6.48856169 6.48856169]     [2.14712608 2.14712608 2.14712608]     [41.78932188 41.78932188 41.78932188]     
[ 3.38638399  3.38638399 33.92638755]     [0.57663737 0.57663737 0.57663737]     [63.68718982 33.14718626 33.14718626]     
[ 1.28832123  1.28832123 29.93527378]     [0.00579342 0.00579342 0.00579342]     [54.15200318 25.50505063 25.50505063]     
[0.34238632 0.34238632 0.34238632]     [0.42780604 0.42780604 0.42780604]     [18.86291501 18.86291501 18.86291501]     
[0.04370993 0.04370993 0.04370993]     [0.0042421 0.0042421 0.0042421]     [13.22077939 13.22077939 13.22077939]     
[0.28170475 0.28170475 0.28170475]     [0.42785527 0.42785527 0.42785527]     [8.57864376 8.57864376 8.57864376]     
[0.04453483 0.04453483 0.04453483]     [0.0029261 0.0029261 0.0029261]     [4.93650814 4.93650814 4.93650814]     
[0.27335468 0.27335468 0.27335468]     [0.42657138 0.42657138 0.42657138]     [2.29437252 2.29437252 2.29437252]     
[0.04482948 0.04482948 0.04482948]     [0.00312154 0.00312154 0.00312154]     [0.65223689 0.65223689 0.65223689]     
